3 1 1 
397 2 1 
0 0 1 
6 0 1 
11 0 1 
16 0 1 
21 0 1 
26 0 1 
31 0 1 
36 0 1 
41 0 1 
46 0 1 
51 0 1 
56 0 1 
61 0 1 
66 0 1 
71 0 1 
76 0 1 
81 0 1 
86 0 1 
91 0 1 
96 0 1 
101 0 1 
106 0 1 
111 0 1 
116 0 1 
121 0 1 
126 0 1 
131 0 1 
136 0 1 
141 0 1 
146 0 1 
151 0 1 
156 0 1 
161 0 1 
166 0 1 
171 0 1 
176 0 1 
181 0 1 
186 0 1 
191 0 1 
196 0 1 
201 0 1 
206 0 1 
211 0 1 
216 0 1 
221 0 1 
226 0 1 
231 0 1 
236 0 1 
241 0 1 
246 0 1 
251 0 1 
256 0 1 
261 0 1 
266 0 1 
271 0 1 
276 0 1 
281 0 1 
286 0 1 
291 0 1 
296 0 1 
301 0 1 
306 0 1 
311 0 1 
316 0 1 
321 0 1 
326 0 1 
331 0 1 
336 0 1 
341 0 1 
346 0 1 
351 0 1 
356 0 1 
361 0 1 
366 0 1 
371 0 1 
376 0 1 
381 0 1 
386 0 1 
391 0 1 
396 0 1 
5 4 1 
10 4 1 
15 4 1 
20 4 1 
25 4 1 
30 4 1 
35 4 1 
40 4 1 
45 4 1 
50 4 1 
55 4 1 
60 4 1 
65 4 1 
70 4 1 
75 4 1 
80 4 1 
85 4 1 
90 4 1 
95 4 1 
100 4 1 
105 4 1 
110 4 1 
115 4 1 
120 4 1 
125 4 1 
130 4 1 
135 4 1 
140 4 1 
145 4 1 
150 4 1 
155 4 1 
160 4 1 
165 4 1 
170 4 1 
175 4 1 
180 4 1 
185 4 1 
190 4 1 
195 4 1 
200 4 1 
205 4 1 
210 4 1 
215 4 1 
220 4 1 
225 4 1 
230 4 1 
235 4 1 
240 4 1 
245 4 1 
250 4 1 
255 4 1 
260 4 1 
265 4 1 
270 4 1 
275 4 1 
280 4 1 
285 4 1 
290 4 1 
295 4 1 
300 4 1 
305 4 1 
310 4 1 
315 4 1 
320 4 1 
325 4 1 
330 4 1 
335 4 1 
340 4 1 
345 4 1 
350 4 1 
355 4 1 
360 4 1 
365 4 1 
370 4 1 
375 4 1 
380 4 1 
385 4 1 
390 4 1 
395 4 1 
400 4 1 
4 4 1 
9 4 1 
14 4 1 
19 4 1 
24 4 1 
29 4 1 
34 4 1 
39 4 1 
44 4 1 
49 4 1 
54 4 1 
59 4 1 
64 4 1 
69 4 1 
74 4 1 
79 4 1 
84 4 1 
89 4 1 
94 4 1 
99 4 1 
104 4 1 
109 4 1 
114 4 1 
119 4 1 
124 4 1 
129 4 1 
134 4 1 
139 4 1 
144 4 1 
149 4 1 
154 4 1 
159 4 1 
164 4 1 
169 4 1 
174 4 1 
179 4 1 
184 4 1 
189 4 1 
194 4 1 
199 4 1 
204 4 1 
209 4 1 
214 4 1 
219 4 1 
224 4 1 
229 4 1 
234 4 1 
239 4 1 
244 4 1 
249 4 1 
254 4 1 
259 4 1 
264 4 1 
269 4 1 
274 4 1 
279 4 1 
284 4 1 
289 4 1 
294 4 1 
299 4 1 
304 4 1 
309 4 1 
314 4 1 
319 4 1 
324 4 1 
329 4 1 
334 4 1 
339 4 1 
344 4 1 
349 4 1 
354 4 1 
359 4 1 
364 4 1 
369 4 1 
374 4 1 
379 4 1 
384 4 1 
389 4 1 
394 4 1 
399 4 1 
2 0 1 
8 0 1 
13 0 1 
18 0 1 
23 0 1 
28 0 1 
33 0 1 
38 0 1 
43 0 1 
48 0 1 
53 0 1 
58 0 1 
63 0 1 
68 0 1 
73 0 1 
78 0 1 
83 0 1 
88 0 1 
93 0 1 
98 0 1 
103 0 1 
108 0 1 
113 0 1 
118 0 1 
123 0 1 
128 0 1 
133 0 1 
138 0 1 
143 0 1 
148 0 1 
153 0 1 
158 0 1 
163 0 1 
168 0 1 
173 0 1 
178 0 1 
183 0 1 
188 0 1 
193 0 1 
198 0 1 
203 0 1 
208 0 1 
213 0 1 
218 0 1 
223 0 1 
228 0 1 
233 0 1 
238 0 1 
243 0 1 
248 0 1 
253 0 1 
258 0 1 
263 0 1 
268 0 1 
273 0 1 
278 0 1 
283 0 1 
288 0 1 
293 0 1 
298 0 1 
303 0 1 
308 0 1 
313 0 1 
318 0 1 
323 0 1 
328 0 1 
333 0 1 
338 0 1 
343 0 1 
348 0 1 
353 0 1 
358 0 1 
363 0 1 
368 0 1 
373 0 1 
378 0 1 
383 0 1 
388 0 1 
393 0 1 
398 0 1 
