Number of vertices = 324
Number of hexa cells = 80
Number of boundary quadrilaterals = 322
Number of faces = 401
Sum of volumes = 20
322
80
324
401
boundaryFaces
1 0 2 3 
1 0 4 84 
84 4 5 85 
85 5 6 86 
86 6 7 87 
87 7 8 88 
88 8 9 89 
89 9 10 90 
90 10 11 91 
91 11 12 92 
92 12 13 93 
93 13 14 94 
94 14 15 95 
95 15 16 96 
96 16 17 97 
97 17 18 98 
98 18 19 99 
99 19 20 100 
100 20 21 101 
101 21 22 102 
102 22 23 103 
103 23 24 104 
104 24 25 105 
105 25 26 106 
106 26 27 107 
107 27 28 108 
108 28 29 109 
109 29 30 110 
110 30 31 111 
111 31 32 112 
112 32 33 113 
113 33 34 114 
114 34 35 115 
115 35 36 116 
116 36 37 117 
117 37 38 118 
118 38 39 119 
119 39 40 120 
120 40 41 121 
121 41 42 122 
122 42 43 123 
123 43 44 124 
124 44 45 125 
125 45 46 126 
126 46 47 127 
127 47 48 128 
128 48 49 129 
129 49 50 130 
130 50 51 131 
131 51 52 132 
132 52 53 133 
133 53 54 134 
134 54 55 135 
135 55 56 136 
136 56 57 137 
137 57 58 138 
138 58 59 139 
139 59 60 140 
140 60 61 141 
141 61 62 142 
142 62 63 143 
143 63 64 144 
144 64 65 145 
145 65 66 146 
146 66 67 147 
147 67 68 148 
148 68 69 149 
149 69 70 150 
150 70 71 151 
151 71 72 152 
152 72 73 153 
153 73 74 154 
154 74 75 155 
155 75 76 156 
156 76 77 157 
157 77 78 158 
158 78 79 159 
159 79 80 160 
160 80 81 161 
161 81 82 162 
162 82 83 163 
0 2 164 4 
4 164 165 5 
5 165 166 6 
6 166 167 7 
7 167 168 8 
8 168 169 9 
9 169 170 10 
10 170 171 11 
11 171 172 12 
12 172 173 13 
13 173 174 14 
14 174 175 15 
15 175 176 16 
16 176 177 17 
17 177 178 18 
18 178 179 19 
19 179 180 20 
20 180 181 21 
21 181 182 22 
22 182 183 23 
23 183 184 24 
24 184 185 25 
25 185 186 26 
26 186 187 27 
27 187 188 28 
28 188 189 29 
29 189 190 30 
30 190 191 31 
31 191 192 32 
32 192 193 33 
33 193 194 34 
34 194 195 35 
35 195 196 36 
36 196 197 37 
37 197 198 38 
38 198 199 39 
39 199 200 40 
40 200 201 41 
41 201 202 42 
42 202 203 43 
43 203 204 44 
44 204 205 45 
45 205 206 46 
46 206 207 47 
47 207 208 48 
48 208 209 49 
49 209 210 50 
50 210 211 51 
51 211 212 52 
52 212 213 53 
53 213 214 54 
54 214 215 55 
55 215 216 56 
56 216 217 57 
57 217 218 58 
58 218 219 59 
59 219 220 60 
60 220 221 61 
61 221 222 62 
62 222 223 63 
63 223 224 64 
64 224 225 65 
65 225 226 66 
66 226 227 67 
67 227 228 68 
68 228 229 69 
69 229 230 70 
70 230 231 71 
71 231 232 72 
72 232 233 73 
73 233 234 74 
74 234 235 75 
75 235 236 76 
76 236 237 77 
77 237 238 78 
78 238 239 79 
79 239 240 80 
80 240 241 81 
81 241 242 82 
82 242 243 83 
3 244 164 2 
244 245 165 164 
245 246 166 165 
246 247 167 166 
247 248 168 167 
248 249 169 168 
249 250 170 169 
250 251 171 170 
251 252 172 171 
252 253 173 172 
253 254 174 173 
254 255 175 174 
255 256 176 175 
256 257 177 176 
257 258 178 177 
258 259 179 178 
259 260 180 179 
260 261 181 180 
261 262 182 181 
262 263 183 182 
263 264 184 183 
264 265 185 184 
265 266 186 185 
266 267 187 186 
267 268 188 187 
268 269 189 188 
269 270 190 189 
270 271 191 190 
271 272 192 191 
272 273 193 192 
273 274 194 193 
274 275 195 194 
275 276 196 195 
276 277 197 196 
277 278 198 197 
278 279 199 198 
279 280 200 199 
280 281 201 200 
281 282 202 201 
282 283 203 202 
283 284 204 203 
284 285 205 204 
285 286 206 205 
286 287 207 206 
287 288 208 207 
288 289 209 208 
289 290 210 209 
290 291 211 210 
291 292 212 211 
292 293 213 212 
293 294 214 213 
294 295 215 214 
295 296 216 215 
296 297 217 216 
297 298 218 217 
298 299 219 218 
299 300 220 219 
300 301 221 220 
301 302 222 221 
302 303 223 222 
303 304 224 223 
304 305 225 224 
305 306 226 225 
306 307 227 226 
307 308 228 227 
308 309 229 228 
309 310 230 229 
310 311 231 230 
311 312 232 231 
312 313 233 232 
313 314 234 233 
314 315 235 234 
315 316 236 235 
316 317 237 236 
317 318 238 237 
318 319 239 238 
319 320 240 239 
320 321 241 240 
321 322 242 241 
322 323 243 242 
1 84 244 3 
84 85 245 244 
85 86 246 245 
86 87 247 246 
87 88 248 247 
88 89 249 248 
89 90 250 249 
90 91 251 250 
91 92 252 251 
92 93 253 252 
93 94 254 253 
94 95 255 254 
95 96 256 255 
96 97 257 256 
97 98 258 257 
98 99 259 258 
99 100 260 259 
100 101 261 260 
101 102 262 261 
102 103 263 262 
103 104 264 263 
104 105 265 264 
105 106 266 265 
106 107 267 266 
107 108 268 267 
108 109 269 268 
109 110 270 269 
110 111 271 270 
111 112 272 271 
112 113 273 272 
113 114 274 273 
114 115 275 274 
115 116 276 275 
116 117 277 276 
117 118 278 277 
118 119 279 278 
119 120 280 279 
120 121 281 280 
121 122 282 281 
122 123 283 282 
123 124 284 283 
124 125 285 284 
125 126 286 285 
126 127 287 286 
127 128 288 287 
128 129 289 288 
129 130 290 289 
130 131 291 290 
131 132 292 291 
132 133 293 292 
133 134 294 293 
134 135 295 294 
135 136 296 295 
136 137 297 296 
137 138 298 297 
138 139 299 298 
139 140 300 299 
140 141 301 300 
141 142 302 301 
142 143 303 302 
143 144 304 303 
144 145 305 304 
145 146 306 305 
146 147 307 306 
147 148 308 307 
148 149 309 308 
149 150 310 309 
150 151 311 310 
151 152 312 311 
152 153 313 312 
153 154 314 313 
154 155 315 314 
155 156 316 315 
156 157 317 316 
157 158 318 317 
158 159 319 318 
159 160 320 319 
160 161 321 320 
161 162 322 321 
162 163 323 322 
163 83 243 323 

boundaryFaceIndex
2
3
8
13
18
23
28
33
38
43
48
53
58
63
68
73
78
83
88
93
98
103
108
113
118
123
128
133
138
143
148
153
158
163
168
173
178
183
188
193
198
203
208
213
218
223
228
233
238
243
248
253
258
263
268
273
278
283
288
293
298
303
308
313
318
323
328
333
338
343
348
353
358
363
368
373
378
383
388
393
398
4
9
14
19
24
29
34
39
44
49
54
59
64
69
74
79
84
89
94
99
104
109
114
119
124
129
134
139
144
149
154
159
164
169
174
179
184
189
194
199
204
209
214
219
224
229
234
239
244
249
254
259
264
269
274
279
284
289
294
299
304
309
314
319
324
329
334
339
344
349
354
359
364
369
374
379
384
389
394
399
1
7
12
17
22
27
32
37
42
47
52
57
62
67
72
77
82
87
92
97
102
107
112
117
122
127
132
137
142
147
152
157
162
167
172
177
182
187
192
197
202
207
212
217
222
227
232
237
242
247
252
257
262
267
272
277
282
287
292
297
302
307
312
317
322
327
332
337
342
347
352
357
362
367
372
377
382
387
392
397
5
10
15
20
25
30
35
40
45
50
55
60
65
70
75
80
85
90
95
100
105
110
115
120
125
130
135
140
145
150
155
160
165
170
175
180
185
190
195
200
205
210
215
220
225
230
235
240
245
250
255
260
265
270
275
280
285
290
295
300
305
310
315
320
325
330
335
340
345
350
355
360
365
370
375
380
385
390
395
400
396

boundaryFaceTypes
1 1 1 1 1 1 1 1 1 1 1 1 1 1 1 1 1 1 1 1 1 1 1 1 1 1 1 1 1 1 1 1 1 1 1 1 1 1 1 1 1 1 1 1 1 1 1 1 1 1 1 1 1 1 1 1 1 1 1 1 1 1 1 1 1 1 1 1 1 1 1 1 1 1 1 1 1 1 1 1 1 1 1 1 1 1 1 1 1 1 1 1 1 1 1 1 1 1 1 1 1 1 1 1 1 1 1 1 1 1 1 1 1 1 1 1 1 1 1 1 1 1 1 1 1 1 1 1 1 1 1 1 1 1 1 1 1 1 1 1 1 1 1 1 1 1 1 1 1 1 1 1 1 1 1 1 1 1 1 1 1 1 1 1 1 1 1 1 1 1 1 1 1 1 1 1 1 1 1 1 1 1 1 1 1 1 1 1 1 1 1 1 1 1 1 1 1 1 1 1 1 1 1 1 1 1 1 1 1 1 1 1 1 1 1 1 1 1 1 1 1 1 1 1 1 1 1 1 1 1 1 1 1 1 1 1 1 1 1 1 1 1 1 1 1 1 1 1 1 1 1 1 1 1 1 1 1 1 1 1 1 1 1 1 1 1 1 1 1 1 1 1 1 1 1 1 1 1 1 1 1 1 1 1 1 1 1 1 1 1 1 1 1 1 1 1 1 1 1 1 1 1 1 1 1 1 1 1 1 1 1 1 1 1 1 1 1 1 1 1 1 1 
boundaryFaceTags
1 4 4 4 4 4 4 4 4 4 4 4 4 4 4 4 4 4 4 4 4 4 4 4 4 4 4 4 4 4 4 4 4 4 4 4 4 4 4 4 4 4 4 4 4 4 4 4 4 4 4 4 4 4 4 4 4 4 4 4 4 4 4 4 4 4 4 4 4 4 4 4 4 4 4 4 4 4 4 4 4 0 0 0 0 0 0 0 0 0 0 0 0 0 0 0 0 0 0 0 0 0 0 0 0 0 0 0 0 0 0 0 0 0 0 0 0 0 0 0 0 0 0 0 0 0 0 0 0 0 0 0 0 0 0 0 0 0 0 0 0 0 0 0 0 0 0 0 0 0 0 0 0 0 0 0 0 0 0 0 0 4 4 4 4 4 4 4 4 4 4 4 4 4 4 4 4 4 4 4 4 4 4 4 4 4 4 4 4 4 4 4 4 4 4 4 4 4 4 4 4 4 4 4 4 4 4 4 4 4 4 4 4 4 4 4 4 4 4 4 4 4 4 4 4 4 4 4 4 4 4 4 4 4 4 4 4 4 4 4 4 0 0 0 0 0 0 0 0 0 0 0 0 0 0 0 0 0 0 0 0 0 0 0 0 0 0 0 0 0 0 0 0 0 0 0 0 0 0 0 0 0 0 0 0 0 0 0 0 0 0 0 0 0 0 0 0 0 0 0 0 0 0 0 0 0 0 0 0 0 0 0 0 0 0 0 0 0 0 0 0 2 
cellVerts
4 164 0 2 84 244 1 3 
5 165 4 164 85 245 84 244 
6 166 5 165 86 246 85 245 
7 167 6 166 87 247 86 246 
8 168 7 167 88 248 87 247 
9 169 8 168 89 249 88 248 
10 170 9 169 90 250 89 249 
11 171 10 170 91 251 90 250 
12 172 11 171 92 252 91 251 
13 173 12 172 93 253 92 252 
14 174 13 173 94 254 93 253 
15 175 14 174 95 255 94 254 
16 176 15 175 96 256 95 255 
17 177 16 176 97 257 96 256 
18 178 17 177 98 258 97 257 
19 179 18 178 99 259 98 258 
20 180 19 179 100 260 99 259 
21 181 20 180 101 261 100 260 
22 182 21 181 102 262 101 261 
23 183 22 182 103 263 102 262 
24 184 23 183 104 264 103 263 
25 185 24 184 105 265 104 264 
26 186 25 185 106 266 105 265 
27 187 26 186 107 267 106 266 
28 188 27 187 108 268 107 267 
29 189 28 188 109 269 108 268 
30 190 29 189 110 270 109 269 
31 191 30 190 111 271 110 270 
32 192 31 191 112 272 111 271 
33 193 32 192 113 273 112 272 
34 194 33 193 114 274 113 273 
35 195 34 194 115 275 114 274 
36 196 35 195 116 276 115 275 
37 197 36 196 117 277 116 276 
38 198 37 197 118 278 117 277 
39 199 38 198 119 279 118 278 
40 200 39 199 120 280 119 279 
41 201 40 200 121 281 120 280 
42 202 41 201 122 282 121 281 
43 203 42 202 123 283 122 282 
44 204 43 203 124 284 123 283 
45 205 44 204 125 285 124 284 
46 206 45 205 126 286 125 285 
47 207 46 206 127 287 126 286 
48 208 47 207 128 288 127 287 
49 209 48 208 129 289 128 288 
50 210 49 209 130 290 129 289 
51 211 50 210 131 291 130 290 
52 212 51 211 132 292 131 291 
53 213 52 212 133 293 132 292 
54 214 53 213 134 294 133 293 
55 215 54 214 135 295 134 294 
56 216 55 215 136 296 135 295 
57 217 56 216 137 297 136 296 
58 218 57 217 138 298 137 297 
59 219 58 218 139 299 138 298 
60 220 59 219 140 300 139 299 
61 221 60 220 141 301 140 300 
62 222 61 221 142 302 141 301 
63 223 62 222 143 303 142 302 
64 224 63 223 144 304 143 303 
65 225 64 224 145 305 144 304 
66 226 65 225 146 306 145 305 
67 227 66 226 147 307 146 306 
68 228 67 227 148 308 147 307 
69 229 68 228 149 309 148 308 
70 230 69 229 150 310 149 309 
71 231 70 230 151 311 150 310 
72 232 71 231 152 312 151 311 
73 233 72 232 153 313 152 312 
74 234 73 233 154 314 153 313 
75 235 74 234 155 315 154 314 
76 236 75 235 156 316 155 315 
77 237 76 236 157 317 156 316 
78 238 77 237 158 318 157 317 
79 239 78 238 159 319 158 318 
80 240 79 239 160 320 159 319 
81 241 80 240 161 321 160 320 
82 242 81 241 162 322 161 321 
83 243 82 242 163 323 162 322 

boundaryFaceForEachTag
type: 0
4 9 14 19 24 29 34 39 44 49 54 59 64 69 74 79 84 89 94 99 104 109 114 119 124 129 134 139 144 149 154 159 164 169 174 179 184 189 194 199 204 209 214 219 224 229 234 239 244 249 254 259 264 269 274 279 284 289 294 299 304 309 314 319 324 329 334 339 344 349 354 359 364 369 374 379 384 389 394 399 5 10 15 20 25 30 35 40 45 50 55 60 65 70 75 80 85 90 95 100 105 110 115 120 125 130 135 140 145 150 155 160 165 170 175 180 185 190 195 200 205 210 215 220 225 230 235 240 245 250 255 260 265 270 275 280 285 290 295 300 305 310 315 320 325 330 335 340 345 350 355 360 365 370 375 380 385 390 395 400 
type: 1
2 
type: 2
396 
type: 4
3 8 13 18 23 28 33 38 43 48 53 58 63 68 73 78 83 88 93 98 103 108 113 118 123 128 133 138 143 148 153 158 163 168 173 178 183 188 193 198 203 208 213 218 223 228 233 238 243 248 253 258 263 268 273 278 283 288 293 298 303 308 313 318 323 328 333 338 343 348 353 358 363 368 373 378 383 388 393 398 1 7 12 17 22 27 32 37 42 47 52 57 62 67 72 77 82 87 92 97 102 107 112 117 122 127 132 137 142 147 152 157 162 167 172 177 182 187 192 197 202 207 212 217 222 227 232 237 242 247 252 257 262 267 272 277 282 287 292 297 302 307 312 317 322 327 332 337 342 347 352 357 362 367 372 377 382 387 392 397 

vertsCoo
-10 1 0 
-10 0 0 
-10 1 1 
-10 0 1 
-9.75 1 0 
-9.5 1 0 
-9.25 1 0 
-9 1 0 
-8.75 1 0 
-8.5 1 0 
-8.25 1 0 
-8 1 0 
-7.75 1 0 
-7.5 1 0 
-7.25 1 0 
-7 1 0 
-6.75 1 0 
-6.5 1 0 
-6.25 1 0 
-6 1 0 
-5.75 1 0 
-5.5 1 0 
-5.25 1 0 
-5 1 0 
-4.75 1 0 
-4.5 1 0 
-4.25 1 0 
-4 1 0 
-3.75 1 0 
-3.5 1 0 
-3.25 1 0 
-3 1 0 
-2.75 1 0 
-2.5 1 0 
-2.25 1 0 
-2 1 0 
-1.75 1 0 
-1.5 1 0 
-1.25 1 0 
-1 1 0 
-0.75 1 0 
-0.5 1 0 
-0.25 1 0 
0 1 0 
0.25 1 0 
0.5 1 0 
0.75 1 0 
1 1 0 
1.25 1 0 
1.5 1 0 
1.75 1 0 
2 1 0 
2.25 1 0 
2.5 1 0 
2.75 1 0 
3 1 0 
3.25 1 0 
3.5 1 0 
3.75 1 0 
4 1 0 
4.25 1 0 
4.5 1 0 
4.75 1 0 
5 1 0 
5.25 1 0 
5.5 1 0 
5.75 1 0 
6 1 0 
6.25 1 0 
6.5 1 0 
6.75 1 0 
7 1 0 
7.25 1 0 
7.5 1 0 
7.75 1 0 
8 1 0 
8.25 1 0 
8.5 1 0 
8.75 1 0 
9 1 0 
9.25 1 0 
9.5 1 0 
9.75 1 0 
10 1 0 
-9.75 0 0 
-9.5 0 0 
-9.25 0 0 
-9 0 0 
-8.75 0 0 
-8.5 0 0 
-8.25 0 0 
-8 0 0 
-7.75 0 0 
-7.5 0 0 
-7.25 0 0 
-7 0 0 
-6.75 0 0 
-6.5 0 0 
-6.25 0 0 
-6 0 0 
-5.75 0 0 
-5.5 0 0 
-5.25 0 0 
-5 0 0 
-4.75 0 0 
-4.5 0 0 
-4.25 0 0 
-4 0 0 
-3.75 0 0 
-3.5 0 0 
-3.25 0 0 
-3 0 0 
-2.75 0 0 
-2.5 0 0 
-2.25 0 0 
-2 0 0 
-1.75 0 0 
-1.5 0 0 
-1.25 0 0 
-1 0 0 
-0.75 0 0 
-0.5 0 0 
-0.25 0 0 
0 0 0 
0.25 0 0 
0.5 0 0 
0.75 0 0 
1 0 0 
1.25 0 0 
1.5 0 0 
1.75 0 0 
2 0 0 
2.25 0 0 
2.5 0 0 
2.75 0 0 
3 0 0 
3.25 0 0 
3.5 0 0 
3.75 0 0 
4 0 0 
4.25 0 0 
4.5 0 0 
4.75 0 0 
5 0 0 
5.25 0 0 
5.5 0 0 
5.75 0 0 
6 0 0 
6.25 0 0 
6.5 0 0 
6.75 0 0 
7 0 0 
7.25 0 0 
7.5 0 0 
7.75 0 0 
8 0 0 
8.25 0 0 
8.5 0 0 
8.75 0 0 
9 0 0 
9.25 0 0 
9.5 0 0 
9.75 0 0 
10 0 0 
-9.75 1 1 
-9.5 1 1 
-9.25 1 1 
-9 1 1 
-8.75 1 1 
-8.5 1 1 
-8.25 1 1 
-8 1 1 
-7.75 1 1 
-7.5 1 1 
-7.25 1 1 
-7 1 1 
-6.75 1 1 
-6.5 1 1 
-6.25 1 1 
-6 1 1 
-5.75 1 1 
-5.5 1 1 
-5.25 1 1 
-5 1 1 
-4.75 1 1 
-4.5 1 1 
-4.25 1 1 
-4 1 1 
-3.75 1 1 
-3.5 1 1 
-3.25 1 1 
-3 1 1 
-2.75 1 1 
-2.5 1 1 
-2.25 1 1 
-2 1 1 
-1.75 1 1 
-1.5 1 1 
-1.25 1 1 
-1 1 1 
-0.75 1 1 
-0.5 1 1 
-0.25 1 1 
0 1 1 
0.25 1 1 
0.5 1 1 
0.75 1 1 
1 1 1 
1.25 1 1 
1.5 1 1 
1.75 1 1 
2 1 1 
2.25 1 1 
2.5 1 1 
2.75 1 1 
3 1 1 
3.25 1 1 
3.5 1 1 
3.75 1 1 
4 1 1 
4.25 1 1 
4.5 1 1 
4.75 1 1 
5 1 1 
5.25 1 1 
5.5 1 1 
5.75 1 1 
6 1 1 
6.25 1 1 
6.5 1 1 
6.75 1 1 
7 1 1 
7.25 1 1 
7.5 1 1 
7.75 1 1 
8 1 1 
8.25 1 1 
8.5 1 1 
8.75 1 1 
9 1 1 
9.25 1 1 
9.5 1 1 
9.75 1 1 
10 1 1 
-9.75 0 1 
-9.5 0 1 
-9.25 0 1 
-9 0 1 
-8.75 0 1 
-8.5 0 1 
-8.25 0 1 
-8 0 1 
-7.75 0 1 
-7.5 0 1 
-7.25 0 1 
-7 0 1 
-6.75 0 1 
-6.5 0 1 
-6.25 0 1 
-6 0 1 
-5.75 0 1 
-5.5 0 1 
-5.25 0 1 
-5 0 1 
-4.75 0 1 
-4.5 0 1 
-4.25 0 1 
-4 0 1 
-3.75 0 1 
-3.5 0 1 
-3.25 0 1 
-3 0 1 
-2.75 0 1 
-2.5 0 1 
-2.25 0 1 
-2 0 1 
-1.75 0 1 
-1.5 0 1 
-1.25 0 1 
-1 0 1 
-0.75 0 1 
-0.5 0 1 
-0.25 0 1 
0 0 1 
0.25 0 1 
0.5 0 1 
0.75 0 1 
1 0 1 
1.25 0 1 
1.5 0 1 
1.75 0 1 
2 0 1 
2.25 0 1 
2.5 0 1 
2.75 0 1 
3 0 1 
3.25 0 1 
3.5 0 1 
3.75 0 1 
4 0 1 
4.25 0 1 
4.5 0 1 
4.75 0 1 
5 0 1 
5.25 0 1 
5.5 0 1 
5.75 0 1 
6 0 1 
6.25 0 1 
6.5 0 1 
6.75 0 1 
7 0 1 
7.25 0 1 
7.5 0 1 
7.75 0 1 
8 0 1 
8.25 0 1 
8.5 0 1 
8.75 0 1 
9 0 1 
9.25 0 1 
9.5 0 1 
9.75 0 1 
10 0 1 

cellCentersCoo
-9.875 0.5 0.5 
-9.625 0.5 0.5 
-9.375 0.5 0.5 
-9.125 0.5 0.5 
-8.875 0.5 0.5 
-8.625 0.5 0.5 
-8.375 0.5 0.5 
-8.125 0.5 0.5 
-7.875 0.5 0.5 
-7.625 0.5 0.5 
-7.375 0.5 0.5 
-7.125 0.5 0.5 
-6.875 0.5 0.5 
-6.625 0.5 0.5 
-6.375 0.5 0.5 
-6.125 0.5 0.5 
-5.875 0.5 0.5 
-5.625 0.5 0.5 
-5.375 0.5 0.5 
-5.125 0.5 0.5 
-4.875 0.5 0.5 
-4.625 0.5 0.5 
-4.375 0.5 0.5 
-4.125 0.5 0.5 
-3.875 0.5 0.5 
-3.625 0.5 0.5 
-3.375 0.5 0.5 
-3.125 0.5 0.5 
-2.875 0.5 0.5 
-2.625 0.5 0.5 
-2.375 0.5 0.5 
-2.125 0.5 0.5 
-1.875 0.5 0.5 
-1.625 0.5 0.5 
-1.375 0.5 0.5 
-1.125 0.5 0.5 
-0.875 0.5 0.5 
-0.625 0.5 0.5 
-0.375 0.5 0.5 
-0.125 0.5 0.5 
0.125 0.5 0.5 
0.375 0.5 0.5 
0.625 0.5 0.5 
0.875 0.5 0.5 
1.125 0.5 0.5 
1.375 0.5 0.5 
1.625 0.5 0.5 
1.875 0.5 0.5 
2.125 0.5 0.5 
2.375 0.5 0.5 
2.625 0.5 0.5 
2.875 0.5 0.5 
3.125 0.5 0.5 
3.375 0.5 0.5 
3.625 0.5 0.5 
3.875 0.5 0.5 
4.125 0.5 0.5 
4.375 0.5 0.5 
4.625 0.5 0.5 
4.875 0.5 0.5 
5.125 0.5 0.5 
5.375 0.5 0.5 
5.625 0.5 0.5 
5.875 0.5 0.5 
6.125 0.5 0.5 
6.375 0.5 0.5 
6.625 0.5 0.5 
6.875 0.5 0.5 
7.125 0.5 0.5 
7.375 0.5 0.5 
7.625 0.5 0.5 
7.875 0.5 0.5 
8.125 0.5 0.5 
8.375 0.5 0.5 
8.625 0.5 0.5 
8.875 0.5 0.5 
9.125 0.5 0.5 
9.375 0.5 0.5 
9.625 0.5 0.5 
9.875 0.5 0.5 

cellVolumes
0.25 0.25 0.25 0.25 0.25 0.25 0.25 0.25 0.25 0.25 0.25 0.25 0.25 0.25 0.25 0.25 0.25 0.25 0.25 0.25 0.25 0.25 0.25 0.25 0.25 0.25 0.25 0.25 0.25 0.25 0.25 0.25 0.25 0.25 0.25 0.25 0.25 0.25 0.25 0.25 0.25 0.25 0.25 0.25 0.25 0.25 0.25 0.25 0.25 0.25 0.25 0.25 0.25 0.25 0.25 0.25 0.25 0.25 0.25 0.25 0.25 0.25 0.25 0.25 0.25 0.25 0.25 0.25 0.25 0.25 0.25 0.25 0.25 0.25 0.25 0.25 0.25 0.25 0.25 0.25 
vertsCells
0 
0 
0 
0 
0 1 
1 2 
2 3 
3 4 
4 5 
5 6 
6 7 
7 8 
8 9 
9 10 
10 11 
11 12 
12 13 
13 14 
14 15 
15 16 
16 17 
17 18 
18 19 
19 20 
20 21 
21 22 
22 23 
23 24 
24 25 
25 26 
26 27 
27 28 
28 29 
29 30 
30 31 
31 32 
32 33 
33 34 
34 35 
35 36 
36 37 
37 38 
38 39 
39 40 
40 41 
41 42 
42 43 
43 44 
44 45 
45 46 
46 47 
47 48 
48 49 
49 50 
50 51 
51 52 
52 53 
53 54 
54 55 
55 56 
56 57 
57 58 
58 59 
59 60 
60 61 
61 62 
62 63 
63 64 
64 65 
65 66 
66 67 
67 68 
68 69 
69 70 
70 71 
71 72 
72 73 
73 74 
74 75 
75 76 
76 77 
77 78 
78 79 
79 
0 1 
1 2 
2 3 
3 4 
4 5 
5 6 
6 7 
7 8 
8 9 
9 10 
10 11 
11 12 
12 13 
13 14 
14 15 
15 16 
16 17 
17 18 
18 19 
19 20 
20 21 
21 22 
22 23 
23 24 
24 25 
25 26 
26 27 
27 28 
28 29 
29 30 
30 31 
31 32 
32 33 
33 34 
34 35 
35 36 
36 37 
37 38 
38 39 
39 40 
40 41 
41 42 
42 43 
43 44 
44 45 
45 46 
46 47 
47 48 
48 49 
49 50 
50 51 
51 52 
52 53 
53 54 
54 55 
55 56 
56 57 
57 58 
58 59 
59 60 
60 61 
61 62 
62 63 
63 64 
64 65 
65 66 
66 67 
67 68 
68 69 
69 70 
70 71 
71 72 
72 73 
73 74 
74 75 
75 76 
76 77 
77 78 
78 79 
79 
0 1 
1 2 
2 3 
3 4 
4 5 
5 6 
6 7 
7 8 
8 9 
9 10 
10 11 
11 12 
12 13 
13 14 
14 15 
15 16 
16 17 
17 18 
18 19 
19 20 
20 21 
21 22 
22 23 
23 24 
24 25 
25 26 
26 27 
27 28 
28 29 
29 30 
30 31 
31 32 
32 33 
33 34 
34 35 
35 36 
36 37 
37 38 
38 39 
39 40 
40 41 
41 42 
42 43 
43 44 
44 45 
45 46 
46 47 
47 48 
48 49 
49 50 
50 51 
51 52 
52 53 
53 54 
54 55 
55 56 
56 57 
57 58 
58 59 
59 60 
60 61 
61 62 
62 63 
63 64 
64 65 
65 66 
66 67 
67 68 
68 69 
69 70 
70 71 
71 72 
72 73 
73 74 
74 75 
75 76 
76 77 
77 78 
78 79 
79 
0 1 
1 2 
2 3 
3 4 
4 5 
5 6 
6 7 
7 8 
8 9 
9 10 
10 11 
11 12 
12 13 
13 14 
14 15 
15 16 
16 17 
17 18 
18 19 
19 20 
20 21 
21 22 
22 23 
23 24 
24 25 
25 26 
26 27 
27 28 
28 29 
29 30 
30 31 
31 32 
32 33 
33 34 
34 35 
35 36 
36 37 
37 38 
38 39 
39 40 
40 41 
41 42 
42 43 
43 44 
44 45 
45 46 
46 47 
47 48 
48 49 
49 50 
50 51 
51 52 
52 53 
53 54 
54 55 
55 56 
56 57 
57 58 
58 59 
59 60 
60 61 
61 62 
62 63 
63 64 
64 65 
65 66 
66 67 
67 68 
68 69 
69 70 
70 71 
71 72 
72 73 
73 74 
74 75 
75 76 
76 77 
77 78 
78 79 
79 

cell_num_for_vertex
1 1 1 1 2 2 2 2 2 2 2 2 2 2 2 2 2 2 2 2 2 2 2 2 2 2 2 2 2 2 2 2 2 2 2 2 2 2 2 2 2 2 2 2 2 2 2 2 2 2 2 2 2 2 2 2 2 2 2 2 2 2 2 2 2 2 2 2 2 2 2 2 2 2 2 2 2 2 2 2 2 2 2 1 2 2 2 2 2 2 2 2 2 2 2 2 2 2 2 2 2 2 2 2 2 2 2 2 2 2 2 2 2 2 2 2 2 2 2 2 2 2 2 2 2 2 2 2 2 2 2 2 2 2 2 2 2 2 2 2 2 2 2 2 2 2 2 2 2 2 2 2 2 2 2 2 2 2 2 2 2 2 2 1 2 2 2 2 2 2 2 2 2 2 2 2 2 2 2 2 2 2 2 2 2 2 2 2 2 2 2 2 2 2 2 2 2 2 2 2 2 2 2 2 2 2 2 2 2 2 2 2 2 2 2 2 2 2 2 2 2 2 2 2 2 2 2 2 2 2 2 2 2 2 2 2 2 2 2 2 2 2 2 1 2 2 2 2 2 2 2 2 2 2 2 2 2 2 2 2 2 2 2 2 2 2 2 2 2 2 2 2 2 2 2 2 2 2 2 2 2 2 2 2 2 2 2 2 2 2 2 2 2 2 2 2 2 2 2 2 2 2 2 2 2 2 2 2 2 2 2 2 2 2 2 2 2 2 2 2 2 2 2 1 
cellNeighbors
1 -1 -1 -1 -1 -1 
2 -1 0 -1 -1 -1 
3 -1 1 -1 -1 -1 
4 -1 2 -1 -1 -1 
5 -1 3 -1 -1 -1 
6 -1 4 -1 -1 -1 
7 -1 5 -1 -1 -1 
8 -1 6 -1 -1 -1 
9 -1 7 -1 -1 -1 
10 -1 8 -1 -1 -1 
11 -1 9 -1 -1 -1 
12 -1 10 -1 -1 -1 
13 -1 11 -1 -1 -1 
14 -1 12 -1 -1 -1 
15 -1 13 -1 -1 -1 
16 -1 14 -1 -1 -1 
17 -1 15 -1 -1 -1 
18 -1 16 -1 -1 -1 
19 -1 17 -1 -1 -1 
20 -1 18 -1 -1 -1 
21 -1 19 -1 -1 -1 
22 -1 20 -1 -1 -1 
23 -1 21 -1 -1 -1 
24 -1 22 -1 -1 -1 
25 -1 23 -1 -1 -1 
26 -1 24 -1 -1 -1 
27 -1 25 -1 -1 -1 
28 -1 26 -1 -1 -1 
29 -1 27 -1 -1 -1 
30 -1 28 -1 -1 -1 
31 -1 29 -1 -1 -1 
32 -1 30 -1 -1 -1 
33 -1 31 -1 -1 -1 
34 -1 32 -1 -1 -1 
35 -1 33 -1 -1 -1 
36 -1 34 -1 -1 -1 
37 -1 35 -1 -1 -1 
38 -1 36 -1 -1 -1 
39 -1 37 -1 -1 -1 
40 -1 38 -1 -1 -1 
41 -1 39 -1 -1 -1 
42 -1 40 -1 -1 -1 
43 -1 41 -1 -1 -1 
44 -1 42 -1 -1 -1 
45 -1 43 -1 -1 -1 
46 -1 44 -1 -1 -1 
47 -1 45 -1 -1 -1 
48 -1 46 -1 -1 -1 
49 -1 47 -1 -1 -1 
50 -1 48 -1 -1 -1 
51 -1 49 -1 -1 -1 
52 -1 50 -1 -1 -1 
53 -1 51 -1 -1 -1 
54 -1 52 -1 -1 -1 
55 -1 53 -1 -1 -1 
56 -1 54 -1 -1 -1 
57 -1 55 -1 -1 -1 
58 -1 56 -1 -1 -1 
59 -1 57 -1 -1 -1 
60 -1 58 -1 -1 -1 
61 -1 59 -1 -1 -1 
62 -1 60 -1 -1 -1 
63 -1 61 -1 -1 -1 
64 -1 62 -1 -1 -1 
65 -1 63 -1 -1 -1 
66 -1 64 -1 -1 -1 
67 -1 65 -1 -1 -1 
68 -1 66 -1 -1 -1 
69 -1 67 -1 -1 -1 
70 -1 68 -1 -1 -1 
71 -1 69 -1 -1 -1 
72 -1 70 -1 -1 -1 
73 -1 71 -1 -1 -1 
74 -1 72 -1 -1 -1 
75 -1 73 -1 -1 -1 
76 -1 74 -1 -1 -1 
77 -1 75 -1 -1 -1 
78 -1 76 -1 -1 -1 
79 -1 77 -1 -1 -1 
-1 -1 78 -1 -1 -1 

faces
4 164 244 84 
164 2 3 244 
2 0 1 3 
0 4 84 1 
164 4 0 2 
84 244 3 1 
5 165 245 85 
165 164 244 245 
4 5 85 84 
165 5 4 164 
85 245 244 84 
6 166 246 86 
166 165 245 246 
5 6 86 85 
166 6 5 165 
86 246 245 85 
7 167 247 87 
167 166 246 247 
6 7 87 86 
167 7 6 166 
87 247 246 86 
8 168 248 88 
168 167 247 248 
7 8 88 87 
168 8 7 167 
88 248 247 87 
9 169 249 89 
169 168 248 249 
8 9 89 88 
169 9 8 168 
89 249 248 88 
10 170 250 90 
170 169 249 250 
9 10 90 89 
170 10 9 169 
90 250 249 89 
11 171 251 91 
171 170 250 251 
10 11 91 90 
171 11 10 170 
91 251 250 90 
12 172 252 92 
172 171 251 252 
11 12 92 91 
172 12 11 171 
92 252 251 91 
13 173 253 93 
173 172 252 253 
12 13 93 92 
173 13 12 172 
93 253 252 92 
14 174 254 94 
174 173 253 254 
13 14 94 93 
174 14 13 173 
94 254 253 93 
15 175 255 95 
175 174 254 255 
14 15 95 94 
175 15 14 174 
95 255 254 94 
16 176 256 96 
176 175 255 256 
15 16 96 95 
176 16 15 175 
96 256 255 95 
17 177 257 97 
177 176 256 257 
16 17 97 96 
177 17 16 176 
97 257 256 96 
18 178 258 98 
178 177 257 258 
17 18 98 97 
178 18 17 177 
98 258 257 97 
19 179 259 99 
179 178 258 259 
18 19 99 98 
179 19 18 178 
99 259 258 98 
20 180 260 100 
180 179 259 260 
19 20 100 99 
180 20 19 179 
100 260 259 99 
21 181 261 101 
181 180 260 261 
20 21 101 100 
181 21 20 180 
101 261 260 100 
22 182 262 102 
182 181 261 262 
21 22 102 101 
182 22 21 181 
102 262 261 101 
23 183 263 103 
183 182 262 263 
22 23 103 102 
183 23 22 182 
103 263 262 102 
24 184 264 104 
184 183 263 264 
23 24 104 103 
184 24 23 183 
104 264 263 103 
25 185 265 105 
185 184 264 265 
24 25 105 104 
185 25 24 184 
105 265 264 104 
26 186 266 106 
186 185 265 266 
25 26 106 105 
186 26 25 185 
106 266 265 105 
27 187 267 107 
187 186 266 267 
26 27 107 106 
187 27 26 186 
107 267 266 106 
28 188 268 108 
188 187 267 268 
27 28 108 107 
188 28 27 187 
108 268 267 107 
29 189 269 109 
189 188 268 269 
28 29 109 108 
189 29 28 188 
109 269 268 108 
30 190 270 110 
190 189 269 270 
29 30 110 109 
190 30 29 189 
110 270 269 109 
31 191 271 111 
191 190 270 271 
30 31 111 110 
191 31 30 190 
111 271 270 110 
32 192 272 112 
192 191 271 272 
31 32 112 111 
192 32 31 191 
112 272 271 111 
33 193 273 113 
193 192 272 273 
32 33 113 112 
193 33 32 192 
113 273 272 112 
34 194 274 114 
194 193 273 274 
33 34 114 113 
194 34 33 193 
114 274 273 113 
35 195 275 115 
195 194 274 275 
34 35 115 114 
195 35 34 194 
115 275 274 114 
36 196 276 116 
196 195 275 276 
35 36 116 115 
196 36 35 195 
116 276 275 115 
37 197 277 117 
197 196 276 277 
36 37 117 116 
197 37 36 196 
117 277 276 116 
38 198 278 118 
198 197 277 278 
37 38 118 117 
198 38 37 197 
118 278 277 117 
39 199 279 119 
199 198 278 279 
38 39 119 118 
199 39 38 198 
119 279 278 118 
40 200 280 120 
200 199 279 280 
39 40 120 119 
200 40 39 199 
120 280 279 119 
41 201 281 121 
201 200 280 281 
40 41 121 120 
201 41 40 200 
121 281 280 120 
42 202 282 122 
202 201 281 282 
41 42 122 121 
202 42 41 201 
122 282 281 121 
43 203 283 123 
203 202 282 283 
42 43 123 122 
203 43 42 202 
123 283 282 122 
44 204 284 124 
204 203 283 284 
43 44 124 123 
204 44 43 203 
124 284 283 123 
45 205 285 125 
205 204 284 285 
44 45 125 124 
205 45 44 204 
125 285 284 124 
46 206 286 126 
206 205 285 286 
45 46 126 125 
206 46 45 205 
126 286 285 125 
47 207 287 127 
207 206 286 287 
46 47 127 126 
207 47 46 206 
127 287 286 126 
48 208 288 128 
208 207 287 288 
47 48 128 127 
208 48 47 207 
128 288 287 127 
49 209 289 129 
209 208 288 289 
48 49 129 128 
209 49 48 208 
129 289 288 128 
50 210 290 130 
210 209 289 290 
49 50 130 129 
210 50 49 209 
130 290 289 129 
51 211 291 131 
211 210 290 291 
50 51 131 130 
211 51 50 210 
131 291 290 130 
52 212 292 132 
212 211 291 292 
51 52 132 131 
212 52 51 211 
132 292 291 131 
53 213 293 133 
213 212 292 293 
52 53 133 132 
213 53 52 212 
133 293 292 132 
54 214 294 134 
214 213 293 294 
53 54 134 133 
214 54 53 213 
134 294 293 133 
55 215 295 135 
215 214 294 295 
54 55 135 134 
215 55 54 214 
135 295 294 134 
56 216 296 136 
216 215 295 296 
55 56 136 135 
216 56 55 215 
136 296 295 135 
57 217 297 137 
217 216 296 297 
56 57 137 136 
217 57 56 216 
137 297 296 136 
58 218 298 138 
218 217 297 298 
57 58 138 137 
218 58 57 217 
138 298 297 137 
59 219 299 139 
219 218 298 299 
58 59 139 138 
219 59 58 218 
139 299 298 138 
60 220 300 140 
220 219 299 300 
59 60 140 139 
220 60 59 219 
140 300 299 139 
61 221 301 141 
221 220 300 301 
60 61 141 140 
221 61 60 220 
141 301 300 140 
62 222 302 142 
222 221 301 302 
61 62 142 141 
222 62 61 221 
142 302 301 141 
63 223 303 143 
223 222 302 303 
62 63 143 142 
223 63 62 222 
143 303 302 142 
64 224 304 144 
224 223 303 304 
63 64 144 143 
224 64 63 223 
144 304 303 143 
65 225 305 145 
225 224 304 305 
64 65 145 144 
225 65 64 224 
145 305 304 144 
66 226 306 146 
226 225 305 306 
65 66 146 145 
226 66 65 225 
146 306 305 145 
67 227 307 147 
227 226 306 307 
66 67 147 146 
227 67 66 226 
147 307 306 146 
68 228 308 148 
228 227 307 308 
67 68 148 147 
228 68 67 227 
148 308 307 147 
69 229 309 149 
229 228 308 309 
68 69 149 148 
229 69 68 228 
149 309 308 148 
70 230 310 150 
230 229 309 310 
69 70 150 149 
230 70 69 229 
150 310 309 149 
71 231 311 151 
231 230 310 311 
70 71 151 150 
231 71 70 230 
151 311 310 150 
72 232 312 152 
232 231 311 312 
71 72 152 151 
232 72 71 231 
152 312 311 151 
73 233 313 153 
233 232 312 313 
72 73 153 152 
233 73 72 232 
153 313 312 152 
74 234 314 154 
234 233 313 314 
73 74 154 153 
234 74 73 233 
154 314 313 153 
75 235 315 155 
235 234 314 315 
74 75 155 154 
235 75 74 234 
155 315 314 154 
76 236 316 156 
236 235 315 316 
75 76 156 155 
236 76 75 235 
156 316 315 155 
77 237 317 157 
237 236 316 317 
76 77 157 156 
237 77 76 236 
157 317 316 156 
78 238 318 158 
238 237 317 318 
77 78 158 157 
238 78 77 237 
158 318 317 157 
79 239 319 159 
239 238 318 319 
78 79 159 158 
239 79 78 238 
159 319 318 158 
80 240 320 160 
240 239 319 320 
79 80 160 159 
240 80 79 239 
160 320 319 159 
81 241 321 161 
241 240 320 321 
80 81 161 160 
241 81 80 240 
161 321 320 160 
82 242 322 162 
242 241 321 322 
81 82 162 161 
242 82 81 241 
162 322 321 161 
83 243 323 163 
243 242 322 323 
82 83 163 162 
243 83 82 242 
163 323 322 162 

cellFaces
0 1 2 3 4 5 
6 7 0 8 9 10 
11 12 6 13 14 15 
16 17 11 18 19 20 
21 22 16 23 24 25 
26 27 21 28 29 30 
31 32 26 33 34 35 
36 37 31 38 39 40 
41 42 36 43 44 45 
46 47 41 48 49 50 
51 52 46 53 54 55 
56 57 51 58 59 60 
61 62 56 63 64 65 
66 67 61 68 69 70 
71 72 66 73 74 75 
76 77 71 78 79 80 
81 82 76 83 84 85 
86 87 81 88 89 90 
91 92 86 93 94 95 
96 97 91 98 99 100 
101 102 96 103 104 105 
106 107 101 108 109 110 
111 112 106 113 114 115 
116 117 111 118 119 120 
121 122 116 123 124 125 
126 127 121 128 129 130 
131 132 126 133 134 135 
136 137 131 138 139 140 
141 142 136 143 144 145 
146 147 141 148 149 150 
151 152 146 153 154 155 
156 157 151 158 159 160 
161 162 156 163 164 165 
166 167 161 168 169 170 
171 172 166 173 174 175 
176 177 171 178 179 180 
181 182 176 183 184 185 
186 187 181 188 189 190 
191 192 186 193 194 195 
196 197 191 198 199 200 
201 202 196 203 204 205 
206 207 201 208 209 210 
211 212 206 213 214 215 
216 217 211 218 219 220 
221 222 216 223 224 225 
226 227 221 228 229 230 
231 232 226 233 234 235 
236 237 231 238 239 240 
241 242 236 243 244 245 
246 247 241 248 249 250 
251 252 246 253 254 255 
256 257 251 258 259 260 
261 262 256 263 264 265 
266 267 261 268 269 270 
271 272 266 273 274 275 
276 277 271 278 279 280 
281 282 276 283 284 285 
286 287 281 288 289 290 
291 292 286 293 294 295 
296 297 291 298 299 300 
301 302 296 303 304 305 
306 307 301 308 309 310 
311 312 306 313 314 315 
316 317 311 318 319 320 
321 322 316 323 324 325 
326 327 321 328 329 330 
331 332 326 333 334 335 
336 337 331 338 339 340 
341 342 336 343 344 345 
346 347 341 348 349 350 
351 352 346 353 354 355 
356 357 351 358 359 360 
361 362 356 363 364 365 
366 367 361 368 369 370 
371 372 366 373 374 375 
376 377 371 378 379 380 
381 382 376 383 384 385 
386 387 381 388 389 390 
391 392 386 393 394 395 
396 397 391 398 399 400 

faceAreas
1 0.25 1 0.25 0.25 0.25 1 0.25 0.25 0.25 0.25 1 0.25 0.25 0.25 0.25 1 0.25 0.25 0.25 0.25 1 0.25 0.25 0.25 0.25 1 0.25 0.25 0.25 0.25 1 0.25 0.25 0.25 0.25 1 0.25 0.25 0.25 0.25 1 0.25 0.25 0.25 0.25 1 0.25 0.25 0.25 0.25 1 0.25 0.25 0.25 0.25 1 0.25 0.25 0.25 0.25 1 0.25 0.25 0.25 0.25 1 0.25 0.25 0.25 0.25 1 0.25 0.25 0.25 0.25 1 0.25 0.25 0.25 0.25 1 0.25 0.25 0.25 0.25 1 0.25 0.25 0.25 0.25 1 0.25 0.25 0.25 0.25 1 0.25 0.25 0.25 0.25 1 0.25 0.25 0.25 0.25 1 0.25 0.25 0.25 0.25 1 0.25 0.25 0.25 0.25 1 0.25 0.25 0.25 0.25 1 0.25 0.25 0.25 0.25 1 0.25 0.25 0.25 0.25 1 0.25 0.25 0.25 0.25 1 0.25 0.25 0.25 0.25 1 0.25 0.25 0.25 0.25 1 0.25 0.25 0.25 0.25 1 0.25 0.25 0.25 0.25 1 0.25 0.25 0.25 0.25 1 0.25 0.25 0.25 0.25 1 0.25 0.25 0.25 0.25 1 0.25 0.25 0.25 0.25 1 0.25 0.25 0.25 0.25 1 0.25 0.25 0.25 0.25 1 0.25 0.25 0.25 0.25 1 0.25 0.25 0.25 0.25 1 0.25 0.25 0.25 0.25 1 0.25 0.25 0.25 0.25 1 0.25 0.25 0.25 0.25 1 0.25 0.25 0.25 0.25 1 0.25 0.25 0.25 0.25 1 0.25 0.25 0.25 0.25 1 0.25 0.25 0.25 0.25 1 0.25 0.25 0.25 0.25 1 0.25 0.25 0.25 0.25 1 0.25 0.25 0.25 0.25 1 0.25 0.25 0.25 0.25 1 0.25 0.25 0.25 0.25 1 0.25 0.25 0.25 0.25 1 0.25 0.25 0.25 0.25 1 0.25 0.25 0.25 0.25 1 0.25 0.25 0.25 0.25 1 0.25 0.25 0.25 0.25 1 0.25 0.25 0.25 0.25 1 0.25 0.25 0.25 0.25 1 0.25 0.25 0.25 0.25 1 0.25 0.25 0.25 0.25 1 0.25 0.25 0.25 0.25 1 0.25 0.25 0.25 0.25 1 0.25 0.25 0.25 0.25 1 0.25 0.25 0.25 0.25 1 0.25 0.25 0.25 0.25 1 0.25 0.25 0.25 0.25 1 0.25 0.25 0.25 0.25 1 0.25 0.25 0.25 0.25 1 0.25 0.25 0.25 0.25 1 0.25 0.25 0.25 0.25 1 0.25 0.25 0.25 0.25 1 0.25 0.25 0.25 0.25 1 0.25 0.25 0.25 0.25 1 0.25 0.25 0.25 0.25 1 0.25 0.25 0.25 0.25 1 0.25 0.25 0.25 0.25 1 0.25 0.25 0.25 0.25 1 0.25 0.25 0.25 0.25 1 0.25 0.25 0.25 0.25 1 0.25 0.25 0.25 0.25 
faceNormals
1 0 -0 
0 0 1 
-1 -0 -0 
0 0 -1 
0 1 0 
0 -1 0 
1 0 -0 
0 0 1 
0 0 -1 
0 1 0 
0 -1 0 
1 0 -0 
0 0 1 
0 0 -1 
0 1 0 
0 -1 0 
1 0 -0 
0 0 1 
0 0 -1 
0 1 0 
0 -1 0 
1 0 -0 
0 0 1 
0 0 -1 
0 1 0 
0 -1 0 
1 0 -0 
0 0 1 
0 0 -1 
0 1 0 
0 -1 0 
1 0 -0 
0 0 1 
0 0 -1 
0 1 0 
0 -1 0 
1 0 -0 
0 0 1 
0 0 -1 
0 1 0 
0 -1 0 
1 0 -0 
0 0 1 
0 0 -1 
0 1 0 
0 -1 0 
1 0 -0 
0 0 1 
0 0 -1 
0 1 0 
0 -1 0 
1 0 -0 
0 0 1 
0 0 -1 
0 1 0 
0 -1 0 
1 0 -0 
0 0 1 
0 0 -1 
0 1 0 
0 -1 0 
1 0 -0 
0 0 1 
0 0 -1 
0 1 0 
0 -1 0 
1 0 -0 
0 0 1 
0 0 -1 
0 1 0 
0 -1 0 
1 0 -0 
0 0 1 
0 0 -1 
0 1 0 
0 -1 0 
1 0 -0 
0 0 1 
0 0 -1 
0 1 0 
0 -1 0 
1 0 -0 
0 0 1 
0 0 -1 
0 1 0 
0 -1 0 
1 0 -0 
0 0 1 
0 0 -1 
0 1 0 
0 -1 0 
1 0 -0 
0 0 1 
0 0 -1 
0 1 0 
0 -1 0 
1 0 -0 
0 0 1 
0 0 -1 
0 1 0 
0 -1 0 
1 0 -0 
0 0 1 
0 0 -1 
0 1 0 
0 -1 0 
1 0 -0 
0 0 1 
0 0 -1 
0 1 0 
0 -1 0 
1 0 -0 
0 0 1 
0 0 -1 
0 1 0 
0 -1 0 
1 0 -0 
0 0 1 
0 0 -1 
0 1 0 
0 -1 0 
1 0 -0 
0 0 1 
0 0 -1 
0 1 0 
0 -1 0 
1 0 -0 
0 0 1 
0 0 -1 
0 1 0 
0 -1 0 
1 0 -0 
0 0 1 
0 0 -1 
0 1 0 
0 -1 0 
1 0 -0 
0 0 1 
0 0 -1 
0 1 0 
0 -1 0 
1 0 -0 
0 0 1 
0 0 -1 
0 1 0 
0 -1 0 
1 0 -0 
0 0 1 
0 0 -1 
0 1 0 
0 -1 0 
1 0 -0 
0 0 1 
0 0 -1 
0 1 0 
0 -1 0 
1 0 -0 
0 0 1 
0 0 -1 
0 1 0 
0 -1 0 
1 0 -0 
0 0 1 
0 0 -1 
0 1 0 
0 -1 0 
1 0 -0 
0 0 1 
0 0 -1 
0 1 0 
0 -1 0 
1 0 -0 
0 0 1 
0 0 -1 
0 1 0 
0 -1 0 
1 0 -0 
0 0 1 
0 0 -1 
0 1 0 
0 -1 0 
1 0 -0 
0 0 1 
0 0 -1 
0 1 0 
0 -1 0 
1 0 -0 
0 0 1 
0 0 -1 
0 1 0 
0 -1 0 
1 0 -0 
0 0 1 
0 0 -1 
0 1 0 
0 -1 0 
1 0 -0 
0 0 1 
0 0 -1 
0 1 0 
0 -1 0 
1 0 -0 
0 0 1 
0 0 -1 
0 1 0 
0 -1 0 
1 0 -0 
0 0 1 
0 0 -1 
0 1 0 
0 -1 0 
1 0 -0 
0 0 1 
0 0 -1 
0 1 0 
0 -1 0 
1 0 -0 
0 0 1 
0 0 -1 
0 1 0 
0 -1 0 
1 0 -0 
0 0 1 
0 0 -1 
0 1 0 
0 -1 0 
1 0 -0 
0 0 1 
0 0 -1 
0 1 0 
0 -1 0 
1 0 -0 
0 0 1 
0 0 -1 
0 1 0 
0 -1 0 
1 0 -0 
0 0 1 
0 0 -1 
0 1 0 
0 -1 0 
1 0 -0 
0 0 1 
0 0 -1 
0 1 0 
0 -1 0 
1 0 -0 
0 0 1 
0 0 -1 
0 1 0 
0 -1 0 
1 0 -0 
0 0 1 
0 0 -1 
0 1 0 
0 -1 0 
1 0 -0 
0 0 1 
0 0 -1 
0 1 0 
0 -1 0 
1 0 -0 
0 0 1 
0 0 -1 
0 1 0 
0 -1 0 
1 0 -0 
0 0 1 
0 0 -1 
0 1 0 
0 -1 0 
1 0 -0 
0 0 1 
0 0 -1 
0 1 0 
0 -1 0 
1 0 -0 
0 0 1 
0 0 -1 
0 1 0 
0 -1 0 
1 0 -0 
0 0 1 
0 0 -1 
0 1 0 
0 -1 0 
1 0 -0 
0 0 1 
0 0 -1 
0 1 0 
0 -1 0 
1 0 -0 
0 0 1 
0 0 -1 
0 1 0 
0 -1 0 
1 0 -0 
0 0 1 
0 0 -1 
0 1 0 
0 -1 0 
1 0 -0 
0 0 1 
0 0 -1 
0 1 0 
0 -1 0 
1 0 -0 
0 0 1 
0 0 -1 
0 1 0 
0 -1 0 
1 0 -0 
0 0 1 
0 0 -1 
0 1 0 
0 -1 0 
1 0 -0 
0 0 1 
0 0 -1 
0 1 0 
0 -1 0 
1 0 -0 
0 0 1 
0 0 -1 
0 1 0 
0 -1 0 
1 0 -0 
0 0 1 
0 0 -1 
0 1 0 
0 -1 0 
1 0 -0 
0 0 1 
0 0 -1 
0 1 0 
0 -1 0 
1 0 -0 
0 0 1 
0 0 -1 
0 1 0 
0 -1 0 
1 0 -0 
0 0 1 
0 0 -1 
0 1 0 
0 -1 0 
1 0 -0 
0 0 1 
0 0 -1 
0 1 0 
0 -1 0 
1 0 -0 
0 0 1 
0 0 -1 
0 1 0 
0 -1 0 
1 0 -0 
0 0 1 
0 0 -1 
0 1 0 
0 -1 0 
1 0 -0 
0 0 1 
0 0 -1 
0 1 0 
0 -1 0 
1 0 -0 
0 0 1 
0 0 -1 
0 1 0 
0 -1 0 
1 0 -0 
0 0 1 
0 0 -1 
0 1 0 
0 -1 0 
1 0 -0 
0 0 1 
0 0 -1 
0 1 0 
0 -1 0 
1 0 -0 
0 0 1 
0 0 -1 
0 1 0 
0 -1 0 
1 0 -0 
0 0 1 
0 0 -1 
0 1 0 
0 -1 0 
1 0 -0 
0 0 1 
0 0 -1 
0 1 0 
0 -1 0 
1 0 -0 
0 0 1 
0 0 -1 
0 1 0 
0 -1 0 

isOuterNormal
1 1 1 1 1 1 
1 1 0 1 1 1 
1 1 0 1 1 1 
1 1 0 1 1 1 
1 1 0 1 1 1 
1 1 0 1 1 1 
1 1 0 1 1 1 
1 1 0 1 1 1 
1 1 0 1 1 1 
1 1 0 1 1 1 
1 1 0 1 1 1 
1 1 0 1 1 1 
1 1 0 1 1 1 
1 1 0 1 1 1 
1 1 0 1 1 1 
1 1 0 1 1 1 
1 1 0 1 1 1 
1 1 0 1 1 1 
1 1 0 1 1 1 
1 1 0 1 1 1 
1 1 0 1 1 1 
1 1 0 1 1 1 
1 1 0 1 1 1 
1 1 0 1 1 1 
1 1 0 1 1 1 
1 1 0 1 1 1 
1 1 0 1 1 1 
1 1 0 1 1 1 
1 1 0 1 1 1 
1 1 0 1 1 1 
1 1 0 1 1 1 
1 1 0 1 1 1 
1 1 0 1 1 1 
1 1 0 1 1 1 
1 1 0 1 1 1 
1 1 0 1 1 1 
1 1 0 1 1 1 
1 1 0 1 1 1 
1 1 0 1 1 1 
1 1 0 1 1 1 
1 1 0 1 1 1 
1 1 0 1 1 1 
1 1 0 1 1 1 
1 1 0 1 1 1 
1 1 0 1 1 1 
1 1 0 1 1 1 
1 1 0 1 1 1 
1 1 0 1 1 1 
1 1 0 1 1 1 
1 1 0 1 1 1 
1 1 0 1 1 1 
1 1 0 1 1 1 
1 1 0 1 1 1 
1 1 0 1 1 1 
1 1 0 1 1 1 
1 1 0 1 1 1 
1 1 0 1 1 1 
1 1 0 1 1 1 
1 1 0 1 1 1 
1 1 0 1 1 1 
1 1 0 1 1 1 
1 1 0 1 1 1 
1 1 0 1 1 1 
1 1 0 1 1 1 
1 1 0 1 1 1 
1 1 0 1 1 1 
1 1 0 1 1 1 
1 1 0 1 1 1 
1 1 0 1 1 1 
1 1 0 1 1 1 
1 1 0 1 1 1 
1 1 0 1 1 1 
1 1 0 1 1 1 
1 1 0 1 1 1 
1 1 0 1 1 1 
1 1 0 1 1 1 
1 1 0 1 1 1 
1 1 0 1 1 1 
1 1 0 1 1 1 
1 1 0 1 1 1 

bound_face_info
2 1 1 
3 4 1 
8 4 1 
13 4 1 
18 4 1 
23 4 1 
28 4 1 
33 4 1 
38 4 1 
43 4 1 
48 4 1 
53 4 1 
58 4 1 
63 4 1 
68 4 1 
73 4 1 
78 4 1 
83 4 1 
88 4 1 
93 4 1 
98 4 1 
103 4 1 
108 4 1 
113 4 1 
118 4 1 
123 4 1 
128 4 1 
133 4 1 
138 4 1 
143 4 1 
148 4 1 
153 4 1 
158 4 1 
163 4 1 
168 4 1 
173 4 1 
178 4 1 
183 4 1 
188 4 1 
193 4 1 
198 4 1 
203 4 1 
208 4 1 
213 4 1 
218 4 1 
223 4 1 
228 4 1 
233 4 1 
238 4 1 
243 4 1 
248 4 1 
253 4 1 
258 4 1 
263 4 1 
268 4 1 
273 4 1 
278 4 1 
283 4 1 
288 4 1 
293 4 1 
298 4 1 
303 4 1 
308 4 1 
313 4 1 
318 4 1 
323 4 1 
328 4 1 
333 4 1 
338 4 1 
343 4 1 
348 4 1 
353 4 1 
358 4 1 
363 4 1 
368 4 1 
373 4 1 
378 4 1 
383 4 1 
388 4 1 
393 4 1 
398 4 1 
4 0 1 
9 0 1 
14 0 1 
19 0 1 
24 0 1 
29 0 1 
34 0 1 
39 0 1 
44 0 1 
49 0 1 
54 0 1 
59 0 1 
64 0 1 
69 0 1 
74 0 1 
79 0 1 
84 0 1 
89 0 1 
94 0 1 
99 0 1 
104 0 1 
109 0 1 
114 0 1 
119 0 1 
124 0 1 
129 0 1 
134 0 1 
139 0 1 
144 0 1 
149 0 1 
154 0 1 
159 0 1 
164 0 1 
169 0 1 
174 0 1 
179 0 1 
184 0 1 
189 0 1 
194 0 1 
199 0 1 
204 0 1 
209 0 1 
214 0 1 
219 0 1 
224 0 1 
229 0 1 
234 0 1 
239 0 1 
244 0 1 
249 0 1 
254 0 1 
259 0 1 
264 0 1 
269 0 1 
274 0 1 
279 0 1 
284 0 1 
289 0 1 
294 0 1 
299 0 1 
304 0 1 
309 0 1 
314 0 1 
319 0 1 
324 0 1 
329 0 1 
334 0 1 
339 0 1 
344 0 1 
349 0 1 
354 0 1 
359 0 1 
364 0 1 
369 0 1 
374 0 1 
379 0 1 
384 0 1 
389 0 1 
394 0 1 
399 0 1 
1 4 1 
7 4 1 
12 4 1 
17 4 1 
22 4 1 
27 4 1 
32 4 1 
37 4 1 
42 4 1 
47 4 1 
52 4 1 
57 4 1 
62 4 1 
67 4 1 
72 4 1 
77 4 1 
82 4 1 
87 4 1 
92 4 1 
97 4 1 
102 4 1 
107 4 1 
112 4 1 
117 4 1 
122 4 1 
127 4 1 
132 4 1 
137 4 1 
142 4 1 
147 4 1 
152 4 1 
157 4 1 
162 4 1 
167 4 1 
172 4 1 
177 4 1 
182 4 1 
187 4 1 
192 4 1 
197 4 1 
202 4 1 
207 4 1 
212 4 1 
217 4 1 
222 4 1 
227 4 1 
232 4 1 
237 4 1 
242 4 1 
247 4 1 
252 4 1 
257 4 1 
262 4 1 
267 4 1 
272 4 1 
277 4 1 
282 4 1 
287 4 1 
292 4 1 
297 4 1 
302 4 1 
307 4 1 
312 4 1 
317 4 1 
322 4 1 
327 4 1 
332 4 1 
337 4 1 
342 4 1 
347 4 1 
352 4 1 
357 4 1 
362 4 1 
367 4 1 
372 4 1 
377 4 1 
382 4 1 
387 4 1 
392 4 1 
397 4 1 
5 0 1 
10 0 1 
15 0 1 
20 0 1 
25 0 1 
30 0 1 
35 0 1 
40 0 1 
45 0 1 
50 0 1 
55 0 1 
60 0 1 
65 0 1 
70 0 1 
75 0 1 
80 0 1 
85 0 1 
90 0 1 
95 0 1 
100 0 1 
105 0 1 
110 0 1 
115 0 1 
120 0 1 
125 0 1 
130 0 1 
135 0 1 
140 0 1 
145 0 1 
150 0 1 
155 0 1 
160 0 1 
165 0 1 
170 0 1 
175 0 1 
180 0 1 
185 0 1 
190 0 1 
195 0 1 
200 0 1 
205 0 1 
210 0 1 
215 0 1 
220 0 1 
225 0 1 
230 0 1 
235 0 1 
240 0 1 
245 0 1 
250 0 1 
255 0 1 
260 0 1 
265 0 1 
270 0 1 
275 0 1 
280 0 1 
285 0 1 
290 0 1 
295 0 1 
300 0 1 
305 0 1 
310 0 1 
315 0 1 
320 0 1 
325 0 1 
330 0 1 
335 0 1 
340 0 1 
345 0 1 
350 0 1 
355 0 1 
360 0 1 
365 0 1 
370 0 1 
375 0 1 
380 0 1 
385 0 1 
390 0 1 
395 0 1 
400 0 1 
396 2 1 

cellDiameters
0.25 0.25 0.25 0.25 0.25 0.25 0.25 0.25 0.25 0.25 0.25 0.25 0.25 0.25 0.25 0.25 0.25 0.25 0.25 0.25 0.25 0.25 0.25 0.25 0.25 0.25 0.25 0.25 0.25 0.25 0.25 0.25 0.25 0.25 0.25 0.25 0.25 0.25 0.25 0.25 0.25 0.25 0.25 0.25 0.25 0.25 0.25 0.25 0.25 0.25 0.25 0.25 0.25 0.25 0.25 0.25 0.25 0.25 0.25 0.25 0.25 0.25 0.25 0.25 0.25 0.25 0.25 0.25 0.25 0.25 0.25 0.25 0.25 0.25 0.25 0.25 0.25 0.25 0.25 0.25 
faceCenters
-9.75 0.5 0.5 
-9.875 0.5 1 
-10 0.5 0.5 
-9.875 0.5 0 
-9.875 1 0.5 
-9.875 0 0.5 
-9.5 0.5 0.5 
-9.625 0.5 1 
-9.625 0.5 0 
-9.625 1 0.5 
-9.625 0 0.5 
-9.25 0.5 0.5 
-9.375 0.5 1 
-9.375 0.5 0 
-9.375 1 0.5 
-9.375 0 0.5 
-9 0.5 0.5 
-9.125 0.5 1 
-9.125 0.5 0 
-9.125 1 0.5 
-9.125 0 0.5 
-8.75 0.5 0.5 
-8.875 0.5 1 
-8.875 0.5 0 
-8.875 1 0.5 
-8.875 0 0.5 
-8.5 0.5 0.5 
-8.625 0.5 1 
-8.625 0.5 0 
-8.625 1 0.5 
-8.625 0 0.5 
-8.25 0.5 0.5 
-8.375 0.5 1 
-8.375 0.5 0 
-8.375 1 0.5 
-8.375 0 0.5 
-8 0.5 0.5 
-8.125 0.5 1 
-8.125 0.5 0 
-8.125 1 0.5 
-8.125 0 0.5 
-7.75 0.5 0.5 
-7.875 0.5 1 
-7.875 0.5 0 
-7.875 1 0.5 
-7.875 0 0.5 
-7.5 0.5 0.5 
-7.625 0.5 1 
-7.625 0.5 0 
-7.625 1 0.5 
-7.625 0 0.5 
-7.25 0.5 0.5 
-7.375 0.5 1 
-7.375 0.5 0 
-7.375 1 0.5 
-7.375 0 0.5 
-7 0.5 0.5 
-7.125 0.5 1 
-7.125 0.5 0 
-7.125 1 0.5 
-7.125 0 0.5 
-6.75 0.5 0.5 
-6.875 0.5 1 
-6.875 0.5 0 
-6.875 1 0.5 
-6.875 0 0.5 
-6.5 0.5 0.5 
-6.625 0.5 1 
-6.625 0.5 0 
-6.625 1 0.5 
-6.625 0 0.5 
-6.25 0.5 0.5 
-6.375 0.5 1 
-6.375 0.5 0 
-6.375 1 0.5 
-6.375 0 0.5 
-6 0.5 0.5 
-6.125 0.5 1 
-6.125 0.5 0 
-6.125 1 0.5 
-6.125 0 0.5 
-5.75 0.5 0.5 
-5.875 0.5 1 
-5.875 0.5 0 
-5.875 1 0.5 
-5.875 0 0.5 
-5.5 0.5 0.5 
-5.625 0.5 1 
-5.625 0.5 0 
-5.625 1 0.5 
-5.625 0 0.5 
-5.25 0.5 0.5 
-5.375 0.5 1 
-5.375 0.5 0 
-5.375 1 0.5 
-5.375 0 0.5 
-5 0.5 0.5 
-5.125 0.5 1 
-5.125 0.5 0 
-5.125 1 0.5 
-5.125 0 0.5 
-4.75 0.5 0.5 
-4.875 0.5 1 
-4.875 0.5 0 
-4.875 1 0.5 
-4.875 0 0.5 
-4.5 0.5 0.5 
-4.625 0.5 1 
-4.625 0.5 0 
-4.625 1 0.5 
-4.625 0 0.5 
-4.25 0.5 0.5 
-4.375 0.5 1 
-4.375 0.5 0 
-4.375 1 0.5 
-4.375 0 0.5 
-4 0.5 0.5 
-4.125 0.5 1 
-4.125 0.5 0 
-4.125 1 0.5 
-4.125 0 0.5 
-3.75 0.5 0.5 
-3.875 0.5 1 
-3.875 0.5 0 
-3.875 1 0.5 
-3.875 0 0.5 
-3.5 0.5 0.5 
-3.625 0.5 1 
-3.625 0.5 0 
-3.625 1 0.5 
-3.625 0 0.5 
-3.25 0.5 0.5 
-3.375 0.5 1 
-3.375 0.5 0 
-3.375 1 0.5 
-3.375 0 0.5 
-3 0.5 0.5 
-3.125 0.5 1 
-3.125 0.5 0 
-3.125 1 0.5 
-3.125 0 0.5 
-2.75 0.5 0.5 
-2.875 0.5 1 
-2.875 0.5 0 
-2.875 1 0.5 
-2.875 0 0.5 
-2.5 0.5 0.5 
-2.625 0.5 1 
-2.625 0.5 0 
-2.625 1 0.5 
-2.625 0 0.5 
-2.25 0.5 0.5 
-2.375 0.5 1 
-2.375 0.5 0 
-2.375 1 0.5 
-2.375 0 0.5 
-2 0.5 0.5 
-2.125 0.5 1 
-2.125 0.5 0 
-2.125 1 0.5 
-2.125 0 0.5 
-1.75 0.5 0.5 
-1.875 0.5 1 
-1.875 0.5 0 
-1.875 1 0.5 
-1.875 0 0.5 
-1.5 0.5 0.5 
-1.625 0.5 1 
-1.625 0.5 0 
-1.625 1 0.5 
-1.625 0 0.5 
-1.25 0.5 0.5 
-1.375 0.5 1 
-1.375 0.5 0 
-1.375 1 0.5 
-1.375 0 0.5 
-1 0.5 0.5 
-1.125 0.5 1 
-1.125 0.5 0 
-1.125 1 0.5 
-1.125 0 0.5 
-0.75 0.5 0.5 
-0.875 0.5 1 
-0.875 0.5 0 
-0.875 1 0.5 
-0.875 0 0.5 
-0.5 0.5 0.5 
-0.625 0.5 1 
-0.625 0.5 0 
-0.625 1 0.5 
-0.625 0 0.5 
-0.25 0.5 0.5 
-0.375 0.5 1 
-0.375 0.5 0 
-0.375 1 0.5 
-0.375 0 0.5 
0 0.5 0.5 
-0.125 0.5 1 
-0.125 0.5 0 
-0.125 1 0.5 
-0.125 0 0.5 
0.25 0.5 0.5 
0.125 0.5 1 
0.125 0.5 0 
0.125 1 0.5 
0.125 0 0.5 
0.5 0.5 0.5 
0.375 0.5 1 
0.375 0.5 0 
0.375 1 0.5 
0.375 0 0.5 
0.75 0.5 0.5 
0.625 0.5 1 
0.625 0.5 0 
0.625 1 0.5 
0.625 0 0.5 
1 0.5 0.5 
0.875 0.5 1 
0.875 0.5 0 
0.875 1 0.5 
0.875 0 0.5 
1.25 0.5 0.5 
1.125 0.5 1 
1.125 0.5 0 
1.125 1 0.5 
1.125 0 0.5 
1.5 0.5 0.5 
1.375 0.5 1 
1.375 0.5 0 
1.375 1 0.5 
1.375 0 0.5 
1.75 0.5 0.5 
1.625 0.5 1 
1.625 0.5 0 
1.625 1 0.5 
1.625 0 0.5 
2 0.5 0.5 
1.875 0.5 1 
1.875 0.5 0 
1.875 1 0.5 
1.875 0 0.5 
2.25 0.5 0.5 
2.125 0.5 1 
2.125 0.5 0 
2.125 1 0.5 
2.125 0 0.5 
2.5 0.5 0.5 
2.375 0.5 1 
2.375 0.5 0 
2.375 1 0.5 
2.375 0 0.5 
2.75 0.5 0.5 
2.625 0.5 1 
2.625 0.5 0 
2.625 1 0.5 
2.625 0 0.5 
3 0.5 0.5 
2.875 0.5 1 
2.875 0.5 0 
2.875 1 0.5 
2.875 0 0.5 
3.25 0.5 0.5 
3.125 0.5 1 
3.125 0.5 0 
3.125 1 0.5 
3.125 0 0.5 
3.5 0.5 0.5 
3.375 0.5 1 
3.375 0.5 0 
3.375 1 0.5 
3.375 0 0.5 
3.75 0.5 0.5 
3.625 0.5 1 
3.625 0.5 0 
3.625 1 0.5 
3.625 0 0.5 
4 0.5 0.5 
3.875 0.5 1 
3.875 0.5 0 
3.875 1 0.5 
3.875 0 0.5 
4.25 0.5 0.5 
4.125 0.5 1 
4.125 0.5 0 
4.125 1 0.5 
4.125 0 0.5 
4.5 0.5 0.5 
4.375 0.5 1 
4.375 0.5 0 
4.375 1 0.5 
4.375 0 0.5 
4.75 0.5 0.5 
4.625 0.5 1 
4.625 0.5 0 
4.625 1 0.5 
4.625 0 0.5 
5 0.5 0.5 
4.875 0.5 1 
4.875 0.5 0 
4.875 1 0.5 
4.875 0 0.5 
5.25 0.5 0.5 
5.125 0.5 1 
5.125 0.5 0 
5.125 1 0.5 
5.125 0 0.5 
5.5 0.5 0.5 
5.375 0.5 1 
5.375 0.5 0 
5.375 1 0.5 
5.375 0 0.5 
5.75 0.5 0.5 
5.625 0.5 1 
5.625 0.5 0 
5.625 1 0.5 
5.625 0 0.5 
6 0.5 0.5 
5.875 0.5 1 
5.875 0.5 0 
5.875 1 0.5 
5.875 0 0.5 
6.25 0.5 0.5 
6.125 0.5 1 
6.125 0.5 0 
6.125 1 0.5 
6.125 0 0.5 
6.5 0.5 0.5 
6.375 0.5 1 
6.375 0.5 0 
6.375 1 0.5 
6.375 0 0.5 
6.75 0.5 0.5 
6.625 0.5 1 
6.625 0.5 0 
6.625 1 0.5 
6.625 0 0.5 
7 0.5 0.5 
6.875 0.5 1 
6.875 0.5 0 
6.875 1 0.5 
6.875 0 0.5 
7.25 0.5 0.5 
7.125 0.5 1 
7.125 0.5 0 
7.125 1 0.5 
7.125 0 0.5 
7.5 0.5 0.5 
7.375 0.5 1 
7.375 0.5 0 
7.375 1 0.5 
7.375 0 0.5 
7.75 0.5 0.5 
7.625 0.5 1 
7.625 0.5 0 
7.625 1 0.5 
7.625 0 0.5 
8 0.5 0.5 
7.875 0.5 1 
7.875 0.5 0 
7.875 1 0.5 
7.875 0 0.5 
8.25 0.5 0.5 
8.125 0.5 1 
8.125 0.5 0 
8.125 1 0.5 
8.125 0 0.5 
8.5 0.5 0.5 
8.375 0.5 1 
8.375 0.5 0 
8.375 1 0.5 
8.375 0 0.5 
8.75 0.5 0.5 
8.625 0.5 1 
8.625 0.5 0 
8.625 1 0.5 
8.625 0 0.5 
9 0.5 0.5 
8.875 0.5 1 
8.875 0.5 0 
8.875 1 0.5 
8.875 0 0.5 
9.25 0.5 0.5 
9.125 0.5 1 
9.125 0.5 0 
9.125 1 0.5 
9.125 0 0.5 
9.5 0.5 0.5 
9.375 0.5 1 
9.375 0.5 0 
9.375 1 0.5 
9.375 0 0.5 
9.75 0.5 0.5 
9.625 0.5 1 
9.625 0.5 0 
9.625 1 0.5 
9.625 0 0.5 
10 0.5 0.5 
9.875 0.5 1 
9.875 0.5 0 
9.875 1 0.5 
9.875 0 0.5 

cellTypes
1 1 1 1 1 1 1 1 1 1 1 1 1 1 1 1 1 1 1 1 1 1 1 1 1 1 1 1 1 1 1 1 1 1 1 1 1 1 1 1 1 1 1 1 1 1 1 1 1 1 1 1 1 1 1 1 1 1 1 1 1 1 1 1 1 1 1 1 1 1 1 1 1 1 1 1 1 1 1 1 
